image: office.pgm
resolution: 0.025000
origin: [-18.600000, -5.000000, 0.000000]
negate: 0
occupied_thresh: 0.65
free_thresh: 0.196

